   1            "c"   28  115.970116 102.189445  72.200478
   2            "g"   42  128.180954 163.072983 121.025848
   3            "j"   33  142.815430 182.755096 445.324951
   4            "k"   77  275.764404 369.198425 244.451859
   5            "l"   58  214.366974 192.848846 429.940033
   6            "m"   24  175.721252 113.171616 447.751556
   7            "n"   22  231.242096 137.961975 800.607483
   8            "o"   46  175.766068 229.985489 345.964081
   9            "p"   91  196.205139 174.321915 244.642822
  10            "r"   70  127.650040 208.124496 205.747345
  11            "s"   39  201.697327 358.075623 289.044586
  12            "t"   68  193.614868 140.569717 110.848549
  13            "u"   42  240.227036 268.348816 295.337860
  14            "w"   32  238.346649 138.008377 203.476883
  15            "y"   24  157.238235 147.721832 131.591782
  16            "z"   28  156.789505 236.489395 400.827972
  17         "t-aa"   38  185.141968 269.071381 657.616089
  18         "t-uu"   30  126.458267 541.127747 549.723206
  19           "aa"   10  185.141968 269.071381 177.275055
  20           "ax"   25  102.197586 238.459824 179.893417
  21           "dx"   25  128.054794  81.792168  93.862549
  22           "ee"   29  151.901672  95.343040 520.292908
  23           "ei"   25  174.438446 232.930405 177.462372
  24           "ii"    0  128.056259 503.804321 139.114914
  25           "sp"  403  5508.840332
  26           "th"   28  168.960632  92.855637  86.424530
  27           "tx"   71  144.277267 123.950844 141.182831
  28      "m-ei+tx"   23  174.438446 232.930405 134.647293
  29       "s-ii+k"   24  108.304710 503.804321 139.114914
  30       "r-ei+g"   42   98.586235 145.315964 100.238892
  31       "o-m+ei"   23  175.721252 157.819214 447.751556
  32          "k+p"   29  157.399734 369.198425 244.451859
  33          "l-r"   42  107.316925 208.124496 289.543579
  34          "n-o"   22  175.766068 302.779510 368.336823
  35          "sil"  400  1321.074097 5508.840332 798.571838
  36          "w-n"   32  231.242096 147.714828 800.607483
  37       "k-ei+p"   24  126.471321 145.315964 100.238892
  38       "p-s+ii"   24  201.697327 112.012962 289.044586
  39       "l-aa+r"   33  139.142838 318.747986 150.625809
  40       "p-k+ee"   29  275.764404 369.198425 437.594421
  41       "p-aa+s"   38  185.141968 277.161652 150.915314
  42         "r-ii"   28  128.056259 503.804321 477.104401
  43       "y-ei+s"   14   98.586235 232.930405 177.462372
  44       "aa-r+j"   33  127.650040 162.445801 205.747345
  45       "aa-s+t"   38  139.392197 253.946152 237.353333
  46       "c-ii+z"   28  128.056259 314.410889 139.114914
  47        "u-l+r"   42  182.453461 664.263062 415.002136
